3.795482e+03; 
-1.017975e+02; 
-3.439815e+03; 
-2.047210e+03; 
1.783310e+03; 
1.233613e+02; 
-7.515609e+02; 
-1.755316e+03; 
-8.283624e+00; 
-1.061194e+03; 
-1.382958e+03; 
-3.269516e+03; 
-2.345534e+02; 
1.962271e+03; 
3.830560e+03; 
3.206608e+03; 
-1.688003e+03; 
-1.145877e+03; 
1.391819e+03; 
-5.306757e+03; 
-1.899984e+02; 
1.618778e+03; 
2.754162e+03; 
-1.745802e+03; 
3.328403e+02; 
-8.723664e+02; 
-4.551520e+02; 
-2.749531e+03; 
-7.436344e+02; 
-6.605901e+02; 
5.824780e+02; 
2.807558e+03; 
3.013892e+02; 
1.318033e+02; 
3.908897e+03; 
-1.614920e+03; 
1.567835e+03; 
3.900844e+02; 
-4.759167e+03; 
-3.921603e+03; 
2.365235e+03; 
9.298025e+02; 
-1.262401e+03; 
2.469861e+01; 
2.669043e+03; 
-1.720084e+03; 
-2.385602e+02; 
2.712989e+03; 
-6.147437e+03; 
6.656342e+02; 
2.636677e+03; 
4.298224e+03; 
9.674551e+02; 
-2.813095e+02; 
3.518373e+03; 
-4.661643e+02; 
5.933753e+02; 
2.153611e+03; 
8.609449e+02; 
2.179058e+03; 
1.028483e+03; 
-3.855544e+03; 
-2.726555e+03; 
-1.487997e+03; 
-2.107844e+03; 
1.956435e+03; 
7.182672e+02; 
-1.675176e+03; 
-1.305139e+03; 
-2.238286e+03; 
-7.924679e+02; 
4.125030e+03; 
-2.942030e+03; 
2.693456e+01; 
2.711565e+03; 
1.820283e+02; 
-3.912976e+02; 
2.950995e+03; 
-3.197959e+01; 
-9.998841e+02; 
-5.669156e+01; 
-1.067717e+03; 
-1.746721e+03; 
-1.456336e+03; 
-4.688309e+03; 
1.023174e+03; 
-2.486495e+03; 
3.771279e+02; 
4.476099e+03; 
-1.411426e+03; 
4.899016e+01; 
1.572957e+03; 
-1.034087e+03; 
-6.860303e+02; 
3.472046e+03; 
1.049874e+03; 
4.774844e+02; 
-4.210269e+01; 
-3.422131e+02; 
1.256875e+03; 
